"Neighborhood","prop_foreign","foreign_incr_last_4_years","house_price_2019","n_airbnbs","mean_airbnb_price","n_airbnb_incr_last_4_years","airbnb_price_incr_last_4_years","unem_prop_2019","population_incr_last_4_years","unem_incr_last_4_years","Unknown_studies","Non_literate","Incomplete_elementary","Compulsory_educ","FP_or_pre_college","College_graduate","Post_graduate","Aging_index_2019","aging_index_incr","house_price_incr_last_4_years"
"Palacio",0.1747,0.0153,4852,713,120.897615708275,592,12.591830584308,0.0504259235477933,1097,-0.0142075654928103,0.000767381183813373,0.028137310073157,0.073873228628434,0.179669514503504,0.185041182790198,0.10288023737658,0.429631145444314,0.189730237322862,0.000485056274401791,0.317762085822922
"Embajadores",0.2682,0.0227,4479,1070,98.3598130841121,860,17.4407654650645,0.0564925565786077,1754,-0.0245939625360804,0.000884725474889409,0.0450429352068696,0.100234192037471,0.218605256310174,0.183554514702056,0.0894093156388238,0.362269060629716,0.139569302046244,-0.0117095711931924,0.493
"Cortes",0.2313,0.0302,5272,381,123.645669291339,309,18.3262248468941,0.0466428437088584,76,-0.0202258814284782,0.000220264317180617,0.0210352422907489,0.0616740088105727,0.153854625550661,0.190418502202643,0.0982378854625551,0.474559471365639,0.168173767129673,-0.0026953828225717,0.41949380721594
"Justicia",0.2134,0.0304,5893,432,118.122685185185,368,-6.36168981481481,0.0443705248914698,1439,-0.0131211918835946,0.00082389289392379,0.0166838311019567,0.0561620322691383,0.155853072433917,0.177823549605218,0.0949536560247168,0.497699965671129,0.158718540622713,-0.00981663247079478,0.362228386500231
"Universidad",0.2188,0.0204,5282,840,113.665476190476,662,10.4407570893526,0.0453964583460111,2010,-0.0222078973708673,0.000917330202179577,0.0224195501412689,0.0693134700766888,0.178439070927971,0.18210839173669,0.104942575129344,0.441859611785858,0.15931617713922,-0.0108432761637415,0.519562715765247
"Sol",0.2714,0.0263,5110,519,124.250481695568,399,11.3338150289017,0.0468540829986613,93,-0.0187552432857361,0.000790763877906057,0.0208761663767199,0.0662660129685276,0.191523011228847,0.201802941641626,0.100110706942907,0.418630396963467,0.169685668620139,0.00235988108434143,0.3751345532831
"Imperial",0.0735,0.0084,3922,63,84.6190476190476,57,26.6190476190476,0.0386281114659434,206,-0.0199513261361402,0.00185134767220256,0.0239041655322625,0.0829839368363735,0.183337870950177,0.202395861693439,0.125510481894909,0.380016335420637,0.219496223861702,0.0156720305274831,0.454208379681127
"Acacias",0.0714,0.00609999999999999,4188,76,65.6710526315789,64,-5.41228070175438,0.0388514883607754,343,-0.0153456516894375,0.00237545585332397,0.0239553012814079,0.0822710696242765,0.178694502994413,0.194887751346649,0.127270902338653,0.390545016561277,0.232784046324106,0.0274161661448127,0.412002697235334
"Chopera",0.1344,-0.00280000000000002,3625,58,70.5862068965517,49,8.91954022988507,0.0445512661677982,97,-0.0236690306153907,0.000968347152454155,0.0363735399140592,0.107426012225383,0.269503116867397,0.2083156811717,0.102826363251226,0.274586939417781,0.227731591448931,-0.00499295195862454,0.53927813163482
"Legazpi",0.0715,0.00130000000000001,4394,20,77.7,17,24.7,0.0310602994738972,1595,-0.0157674119661512,0.000351666901111267,0.0123786749191166,0.0438880292586862,0.137431424954283,0.182796455197637,0.150302433534956,0.47285131523421,0.0905965621840243,0.0168845990949328,0.312033442818752
"Delicias",0.1163,0.00800000000000001,3904,86,73.1395348837209,75,-20.76955602537,0.0378520813303422,1209,-0.0177034742252134,0.000739815970777269,0.0237203495630462,0.0784204929023905,0.208211957275628,0.191381143940445,0.123872936607019,0.373653303740694,0.170804475226425,0.00387112204665363,0.506172839506173
"Palos de la Frontera",0.1514,0.011,3943,0,0,0,0,0.0440116546541941,383,-0.0214332696678167,0.000695152470108444,0.0311428306608583,0.091852813050329,0.215404578737603,0.189035128371489,0.109370655297062,0.36249884141255,0.206984830537618,0.00275012470122452,0.44697247706422
"Atocha",0.0572,0.027,2222,12,107.416666666667,8,-7.58333333333333,0.0547138047138047,97,-0.00944751517620446,0,0.022140221402214,0.0738007380073801,0.252152521525215,0.247232472324723,0.125461254612546,0.279212792127921,0.0988274706867672,-0.000806898600252945,0.50033760972316
"Pacífico",0.0901,0.0138,4149,103,89.9805825242718,88,6.91391585760518,0.0362138454243717,-39,-0.0105256389316653,0.00134242798055294,0.0221319207604673,0.0739061026050359,0.175604092591249,0.204121616718671,0.128074885712212,0.394818953631812,0.251206013791471,0.0134161619462166,0.409785932721713
"Adelfas",0.0712,0.0099,4213,31,96.9677419354839,28,-97.3655913978495,0.0364256044307168,1130,-0.0195580764396368,0.00129498364231189,0.025763358778626,0.0765403489640131,0.177276444929117,0.199018538713195,0.127385496183206,0.392720828789531,0.215776892430279,0.0209077113225657,0.432505950357021
"Estrella",0.0422,0.00489999999999999,4155,8,93.25,8,93.25,0.0268079265677275,-13,-0.00800152171109099,0.00112781954887218,0.0162728249194415,0.0529001074113856,0.145810955961332,0.189957035445757,0.1343716433942,0.459559613319012,0.310155613666567,0.0161289034849202,0.347713266299059
"Ibiza",0.1169,0.028,5433,83,96.2289156626506,69,12.0860585197935,0.032181168057211,431,-0.013462567620664,0.00149108218156793,0.0204163560245455,0.0620519584790962,0.159086998910363,0.187188163101451,0.109193095142513,0.460572346160463,0.250297919149326,0.0000984167318263673,0.446485623003195
"Los Jerónimos",0.1076,0.0175,6741,0,0,0,0,0.0228888257037248,-2,-0.0085210662803571,0.00174337517433752,0.0146443514644351,0.0437587168758717,0.140864714086471,0.190376569037657,0.110704323570432,0.497907949790795,0.263150392017106,-0.00747292191161736,0.338828202581927
"Niño Jesús",0.0599,0.0123,4792,19,132.736842105263,13,-32.7631578947368,0.0226846765333161,139,-0.00848788118156586,0.00178616994131156,0.00952623968699498,0.0377647359020158,0.118057327549545,0.176745768478353,0.118312494684018,0.537807263757761,0.267119301648885,0.0117779099468264,0.384971098265896
"Recoletos",0.1687,0.0367,8441,113,180.778761061947,101,61.1954277286136,0.0207579508665016,241,-0.00825184799889292,0.00111669458403127,0.00901332057110952,0.0311079205551567,0.112945680784877,0.164792215043471,0.0942809284517827,0.586743240009572,0.234823469646939,0.00627245321516687,0.444634605510868
"Goya",0.1424,0.0317,5875,114,123.166666666667,91,13.9492753623188,0.029475799698543,764,-0.0119459458585022,0.00165624611817316,0.0163968365699143,0.0490662912508799,0.143430913833796,0.179412860751108,0.104550536209681,0.505486315266449,0.239957186339767,0.00255606029921526,0.433976080058579
"Fuente del Berro",0.1251,0.0197,4474,34,75.6176470588235,32,-39.3823529411765,0.0334495430132856,438,-0.0167236338195026,0.00115935308098081,0.0205205495333604,0.0714161497884181,0.178308503854849,0.195466929453365,0.11842791722219,0.414700597066837,0.245173745173745,-0.000490434653790894,0.498827470686767
"Guindalera",0.1087,0.0177,4280,77,91.6103896103896,70,-13.5324675324675,0.0330452586719996,1558,-0.0138084933369014,0.00098225979283248,0.01824621978807,0.056018573639719,0.150494106441243,0.195648291463269,0.117573520657221,0.461037028217645,0.242878169214699,-0.0103642362409732,0.431438127090301
"Lista",0.1375,0.0159,5713,51,105.901960784314,45,26.5686274509804,0.0281267846944603,486,-0.0136738583923564,0.0018891315898223,0.0146407698211229,0.0494125981462896,0.135368085483204,0.178700041324754,0.103666095991499,0.516323277643308,0.240646782682915,-0.00244066235860893,0.419731610337972
"Castellana",0.1674,0.0342,7118,70,139.128571428571,64,59.6285714285714,0.0198636919671463,390,-0.00779321928039501,0.00214592274678112,0.0122095604558236,0.0380346307532929,0.121503625869469,0.176261654580435,0.0904247447091905,0.559419860885008,0.234732491121849,0.00286409534855409,0.413423351866561
"El Viso",0.1115,0.00319999999999999,6263,29,118.586206896552,23,42.7528735632184,0.0178694552976327,521,-0.00712610236392032,0.00460377358490566,0.0134339622641509,0.0336603773584906,0.12211320754717,0.166641509433962,0.0919245283018868,0.567622641509434,0.215883027522936,0.00174149344551949,0.377997799779978
"Prosperidad",0.1043,0.0173,4288,59,87.1864406779661,53,32.6864406779661,0.035449634917619,701,-0.0173450524094425,0.00269748234980685,0.0170174503796457,0.0588117756760357,0.165079259357933,0.203510057279872,0.122918609297989,0.429965365658719,0.252915965930668,0.0130634650989056,0.435073627844712
"Ciudad Jardín",0.1196,0.0152,4563,33,68.3030303030303,31,10.8030303030303,0.0367545810825124,676,-0.0154809456669108,0.00318682777851547,0.0187890054441641,0.0610144735094941,0.173682113929093,0.195060416943301,0.11280042491037,0.435466737485062,0.232201417539405,0.000792361683946641,0.493617021276596
"Hispanoamérica",0.0756,0.0076,5173,36,107.166666666667,32,45.6666666666667,0.0249297094657919,730,-0.00927745165952775,0.00296350424227662,0.0125035521454959,0.0412454837007267,0.124426582227094,0.176957739617586,0.111557666544879,0.530345471521942,0.246332480179787,-0.00365950931042464,0.352064819654992
"Nueva España",0.0932,0.0082,5296,27,110.925925925926,25,-72.5740740740741,0.0219947212668959,1590,-0.00764313319159398,0.00184632093402118,0.00961172956828672,0.0296497420581048,0.106272060819984,0.16149877816997,0.101982079826229,0.589139288623405,0.208130146294668,-0.00883001783595277,0.237961664329126
"Castilla",0.0893,0.0153,4376,23,75.5217391304348,14,-1.47826086956522,0.030851188385435,699,-0.00705395719229806,0.00204809224000607,0.0169915800652355,0.0490783584919973,0.125616324053706,0.175832511567928,0.115755139194417,0.51467799438671,0.227010321301534,0.00229190798125939,0.38349668036674
"Bellas Vistas",0.23,0.0162,3365,58,90.7241379310345,54,61.2241379310345,0.0457529610829103,1233,-0.0238165554619214,0.00155366622070692,0.0355616934961806,0.111820810495878,0.295196581934314,0.187259936990203,0.0908031591213154,0.277804151741401,0.183315926013274,-0.00633373855918851,0.466870095902354
"Cuatro Caminos",0.1506,0.0142,4362,76,83.3421052631579,66,13.8421052631579,0.0352381225449437,1261,-0.0186945285735713,0.00286198855204579,0.0230725743763692,0.0668503992650696,0.195498551339128,0.17313264080277,0.102218924457636,0.436364921206982,0.226518074010573,-0.00679437190593707,0.437232289950577
"Castillejos",0.1549,0.0157,4252,65,91.8615384615385,59,17.8615384615385,0.0346255718757525,996,-0.0153516652126182,0.00146053630893264,0.0206811941344862,0.0665420342349711,0.185780218496232,0.179996494712859,0.105567564409651,0.439971957702869,0.238196082206286,-0.00756534296705294,0.298320610687023
"Almenara",0.1519,0.0298,3419,29,84.2758620689655,25,12.7758620689655,0.0682841530054645,1060,-0.0182618016129174,0.000613018279090504,0.0665403477485511,0.152418635755684,0.293580026749889,0.169527418635756,0.0816986179224253,0.235621934908605,0.197173884600288,-0.0218960323073925,0.597663551401869
"Valdeacederas",0.2321,0.0461,3099,25,63.72,24,39.72,0.0554247074912627,1443,-0.0195722781604394,0.00117445559089797,0.0532419867873746,0.130902862735503,0.322583802299976,0.186983117200881,0.084120381698067,0.220993393687301,0.145109455934062,-0.00899392426818632,0.409918107370337
"Berruguete",0.2446,0.0393,3263,33,85.1818181818182,30,46.1818181818182,0.048198923675217,1466,-0.0234529457758271,0.00142515396752685,0.0391917341069883,0.123632106682954,0.315009925179417,0.193515549447753,0.0876469690029012,0.23957856161246,0.165832877354803,-0.00899873374003826,0.459302325581395
"Gaztambide",0.115,0.00850000000000001,4894,67,100.283582089552,62,6.48358208955224,0.032789009849663,556,-0.0122711884506203,0.00142963041406333,0.0183733982844435,0.0585618977020015,0.154400084718839,0.169384729429207,0.103727628931484,0.494122630519962,0.256159123268758,-0.00160996044617567,0.463954531857613
"Arapiles",0.1148,0.0116,4996,71,96.2676056338028,57,35.6961770623742,0.0320875188092236,374,-0.0147842548847677,0.0013502700540108,0.0200540108021604,0.0648129625925185,0.164082816563313,0.174134826965393,0.101170234046809,0.474394878975795,0.241449346006987,-0.0036519492437605,0.37668779278038
"Trafalgar",0.1327,0.0157,5569,118,100.881355932203,102,29.0688559322034,0.0331958596150736,333,-0.0149208664802582,0.00151515151515152,0.0178885630498534,0.0605083088954057,0.152346041055718,0.169990224828934,0.102737047898338,0.495014662756598,0.214631392160026,-0.00220187946776637,0.472501322051824
"Almagro",0.1362,0.0177,6728,78,119.25641025641,64,27.3992673992674,0.023703853136978,226,-0.0101702413431771,0.00246320975178425,0.0130108002273732,0.0438956609612834,0.147097833638603,0.161561296027285,0.105918019326723,0.526053180066949,0.241586356526565,0.00216411388888868,0.508520179372197
"Ríos Rosas",0.1111,0.00849999999999999,5001,0,0,0,0,0.0285100495193708,594,-0.0114973937258841,0.00107454667562122,0.0173270651443922,0.0535482426684576,0.153749720170137,0.164808596373405,0.101320796955451,0.508171032012536,0.234463687963906,-0.000265642928610643,0.372769695306066
"Vallehermoso",0.0736,0.0103,4544,26,102.230769230769,25,86.2307692307692,0.0247434827433846,499,-0.00857307488117508,0.0015352493244903,0.0105625153524932,0.0410218619503807,0.125276344878408,0.171149594694178,0.112625890444608,0.537828543355441,0.277889471877605,-0.00344560929613702,0.355204294661497
"El Pardo",0.0453,0.0126,1467,1,61,1,61,0.038704128440367,36,-0.00822518789798761,0,0.0537862703467799,0.144727530077849,0.301132342533616,0.243807501769285,0.0835102618542109,0.173036093418259,0.253945480631277,-0.0197265747959748,0.0463623395149786
"Fuentelarreina",0.0754,0.000899999999999998,3439,0,0,0,0,0.0212701306593741,97,-0.00722078981651825,0.00126422250316056,0.0130636325326591,0.0358196375895491,0.114201432785504,0.169827222924568,0.0965023177412558,0.569321533923304,0.265052950075643,0.00115097081079846,0.241516245487365
"Peñagrande",0.0794,0.0126,3283,20,122.95,18,77.95,0.037248135366804,536,-0.0152541742841571,0.000485173663631953,0.0432946145723337,0.104455035817232,0.237792174434202,0.197494220725477,0.111818259653529,0.304660521133594,0.258928968554019,0.0240090497631321,0.224543080939948
"Pilar",0.1175,0.0242,3303,23,50.0869565217391,23,50.0869565217391,0.0393352156057495,949,-0.0171021356594515,0.00104215517690584,0.0532280756604658,0.139153769996352,0.283205669324162,0.191860768068365,0.0972591318847376,0.23425042988901,0.291413073654088,-0.00579431494785498,0.491869918699187
"La Paz",0.0532,0.00730000000000001,3580,9,67.5555555555556,8,-12.4444444444444,0.0260606599662012,-443,-0.0143232801016906,0.000685945340987039,0.0174374526156179,0.0680168959168201,0.170403263655728,0.199357377522654,0.133975955810679,0.410123109137514,0.326339842127129,0.0483046515112934,0.221843003412969
"Valverde",0.1218,0.0283,3462.5,28,67,26,4.5,0.0401185462486352,5841,-0.0147476776440007,0.000692536762159791,0.0377663380964473,0.0820425217571966,0.214040028624853,0.176389113322099,0.120686073085713,0.368383388351532,0.117336398515044,-0.00481542414674649,0.323332696350086
"Mirasierra",0.0505,0.0021,3645,17,100.117647058824,17,100.117647058824,0.0243297366769286,4262,-0.00954592696410583,0.00100118321652862,0.0180212978975152,0.0382725038682079,0.114271411668335,0.173204696459452,0.11827614453445,0.536952762355511,0.146733638471141,0.00293674259283871,0.115361077111383
"El Goloso",0.0556,0.0074,4575,6,107.333333333333,6,107.333333333333,0.0202953990011688,2144,-0.00836511185145137,0.000177572582793217,0.0230844357631182,0.0436828553671313,0.106365977093137,0.146319808221611,0.141702921068987,0.538666429903223,0.0786385599745128,-0.00815660343982932,0.292372881355932
"Casa de Campo",0.0893,0.0161,3476,29,106.689655172414,27,23.1896551724138,0.0406361768510768,389,-0.00908151449145772,0.00131690339572947,0.0277490358385853,0.0868215595898787,0.187188411250118,0.195372025209294,0.115699369767661,0.385852694948735,0.251596229857099,-0.00240314279032844,0.273726639794797
"Argüelles",0.1277,0.0119,4957,129,109.364341085271,115,36.9357696566999,0.030465432658614,401,-0.0105724613722378,0.00258515815085158,0.0161699107866991,0.0523621248986212,0.14816504460665,0.170417680454177,0.111111111111111,0.49918896999189,0.250832682264896,-0.00127733243172401,0.443926594815031
"Ciudad Universitaria",0.0901,-0.0015,3652,24,102.708333333333,21,47.7083333333333,0.0257171117705242,292,-0.00588701817155585,0.00254250754806928,0.014937231844907,0.0477514698871762,0.126569203877324,0.160495788971873,0.113459399332592,0.534244398538058,0.258424885816566,0.00822062461362449,0.208471211118465
"Valdezarza",0.1172,0.0162,2989,19,63.1578947368421,13,13.1578947368421,0.0411241031092214,449,-0.0184611270374655,0.00187353629976581,0.0416861826697892,0.127954013199915,0.264594421971471,0.204343197785821,0.0962316372152438,0.263317010857994,0.250132555673383,0.00410832883437626,0.32491134751773
"Valdemarín",0.093,0.000100000000000017,4404,1,140,1,140,0.0173722627737226,448,-0.00199668443027612,0.000478468899521531,0.012200956937799,0.0447368421052632,0.0909090909090909,0.118181818181818,0.104066985645933,0.629425837320574,0.112823495202094,0.0128860538508268,0.102377972465582
"El Plantío",0.0929,0.0123,2638,2,48,2,48,0.0169308357348703,308,-0.00778553379511348,0.000506072874493927,0.0151821862348178,0.0425101214574899,0.118927125506073,0.16751012145749,0.107793522267206,0.547570850202429,0.199211752060193,0.0137440683990132,-0.0218761586948461
"Aravaca",0.1001,0.00879999999999999,3742,17,62.8823529411765,14,-16.1176470588235,0.021760705752619,1672,-0.0100021109943359,0.00227891723639598,0.0203990884331054,0.0514701795342115,0.128175198710466,0.162136623867489,0.114835195375466,0.520704796842866,0.151971562591615,0.0179355950329428,0.130513595166163
"Los Cármenes",0.1491,0.0305,2398,0,0,0,0,0.0714123265863088,585,-0.0183365412605417,0.00191644308164048,0.0755078574166347,0.158604829436566,0.324645458029897,0.200153315446531,0.0784208509007282,0.160751245688003,0.172286557674841,-0.00401095909578389,0.437649880095923
"Puerta del Ángel",0.1978,0.0307,2498,0,0,0,0,0.0596972429174773,1032,-0.0214673238967465,0.0014704999699898,0.0566292539463418,0.148760578596723,0.311355860992738,0.203649240741852,0.0819878758777984,0.196146689874557,0.207746896731778,-0.0107815804131744,0.451481696687972
"Lucero",0.1761,0.0384,2380,31,54.4193548387097,26,-0.58064516129032,0.0529238006673596,1218,-0.0221950313833421,0.000961093510838999,0.0668849891432029,0.157120990994198,0.319118641654505,0.203894208521696,0.0822980813725839,0.169721994802976,0.22247700161057,-0.0147226693394203,0.429429429429429
"Aluche",0.1667,0.029,2212,29,38.1724137931034,27,14.1724137931034,0.0445548246595367,783,-0.0204486466194032,0.00204616901356052,0.0566974832121133,0.173012890864785,0.325582693130453,0.205398165888502,0.087855056827694,0.149407541062892,0.296713447155925,-0.00528970455023897,0.399114484503479
"Campamento",0.199,0.0406,2237,5,37.4,4,-45.6,0.0426181152418247,685,-0.0211926129697887,0.00131224985237189,0.0517682566760711,0.151368020471098,0.318811101633751,0.211862738665442,0.0881831900793911,0.176694442621875,0.236292692814432,-0.005193701206306,0.365689865689866
"Cuatro Vientos",0.068,0.0171,2504,5,68.6,5,68.6,0.0506849315068493,928,-0.00204308152246665,0,0.0248493975903614,0.0687751004016064,0.26004016064257,0.237198795180723,0.154116465863454,0.255020080321285,0.0635542681887886,-0.000697829212480114,0.158186864014801
"Águilas",0.1203,0.0239,2125,0,0,0,0,0.0451664025356577,459,-0.0192409059291357,0.00138168420031997,0.0719930188587773,0.181364231347263,0.336524943035827,0.197968681824793,0.0773743152179183,0.133393125515102,0.278826117156749,-0.00437788589244836,0.366559485530547
"Comillas",0.1879,0.0325,2702,46,89.6739130434783,44,60.1739130434783,0.0575289405343545,434,-0.017274739070761,0.00131730610900708,0.0500027443877271,0.148471376036006,0.324167078324826,0.209232120313958,0.0862835501399638,0.180525824688512,0.236508145611031,-0.00756970758265843,0.553766532489937
"Opañel",0.2154,0.0397,2339,40,82.15,36,33.9,0.0539894173567307,1759,-0.0243584306806288,0.000845633456334563,0.0527752152521525,0.15325184501845,0.355281365313653,0.196725092250923,0.0820648831488315,0.159055965559656,0.206732921479094,-0.0110230525674324,0.409885473176612
"San Isidro",0.2049,0.0404,2303,53,59.9811320754717,49,10.9811320754717,0.00723263283008371,1654,-0.0867524287973016,0.00202073740351807,0.0766555139629642,0.172690230894093,0.353860933514427,0.180640673137443,0.0712889654487031,0.142842945638851,0.190920554854981,-0.0111924568486677,0.429546865301055
"Vista Alegre",0.2324,0.0532,2044,40,45.225,34,12.3916666666667,0.00546075085324232,2684,-0.074320224800663,0.00210625502314109,0.0606656874428401,0.171742926031649,0.374802538591581,0.194884017404318,0.0728043677077848,0.122994207798686,0.224657068841041,-0.0139356768492991,0.38014854827819
"Puerta Bonita",0.2326,0.0595000000000001,1942,22,60.7727272727273,20,35.2727272727273,0.065845129998308,2684,-0.0188153129817395,0.000840047348123258,0.0833556073160487,0.176142655313299,0.384054373973806,0.182252090572378,0.0612089045018901,0.112146320974455,0.183040738239928,-0.0205350563810989,0.410312273057371
"Buenavista",0.1378,0.0321,2504,25,48.72,25,48.72,0.0506634246546628,3463,-0.0164417195456807,0.000747697092953703,0.050275152530207,0.124117717430315,0.336373968178012,0.223142720421103,0.102434501734657,0.162908242612753,0.137786794386464,-0.00519979495750128,0.272681067344346
"Abrantes",0.2085,0.0532,1883,8,40.375,7,-19.625,0.0598047971421281,2173,-0.020218507289141,0.00315747927904223,0.0634565627329737,0.167521817304741,0.378151997544183,0.189536464500285,0.074244616936368,0.123931061702408,0.177806763592403,-0.0136833299684117,0.32512315270936
"Orcasitas",0.0863,0.0251,1809,3,61.6666666666667,3,61.6666666666667,0.0622823816155989,694,-0.0217316207181234,0.00100752681799324,0.118414034255912,0.186866591596041,0.371303265572216,0.173294612694838,0.0602145439459491,0.0888994251170509,0.193766820036462,-0.00712302761083525,0.264150943396226
"Orcasur",0.159,0.0559,1728,8,68.125,8,68.125,0.0815116445206458,628,-0.029931885771052,0.000500700981373924,0.134888844382135,0.19086721409974,0.384237933106349,0.131083516923693,0.0560785099138794,0.10234328059283,0.144770589911656,-0.0054919757297546,0.177111716621253
"San Fermín",0.1983,0.0483,2041,16,65.125,15,19.125,0.0690519979936465,1308,-0.0205305983982884,0.000237741456166419,0.0816641901931649,0.175988112927192,0.389420505200594,0.178187221396731,0.0667459138187221,0.107756315007429,0.14356662910563,-0.00303046106374164,0.232487922705314
"Almendrales",0.2828,0.0419,2180,25,43.64,25,43.64,0.0615567547791091,1386,-0.0199862139708909,0.000499282281720027,0.0665917743244087,0.18797977906759,0.396305311115272,0.167446795231854,0.0662797228983336,0.114897335080821,0.160954684433898,-0.020292247328498,0.441798941798942
"Moscardó",0.2803,0.0494,2209,29,55.3793103448276,27,-76.1206896551724,0.0533937323629883,1676,-0.0231821307982407,0.000781975465519769,0.0498998093934803,0.177117442940228,0.391965202091784,0.182444650799081,0.0709642734959191,0.126826645813988,0.186747211207056,-0.0184839371810663,0.435347628330084
"Zofío",0.2505,0.0585,1889,8,78.5,8,78.5,0.0614423144442104,916,-0.0303400495332755,0.000472857953470777,0.0770758464157367,0.192642330243995,0.416114999054284,0.17022886324948,0.0490826555702667,0.0943824475127672,0.176598125611974,-0.0172284744788116,0.395125553914328
"Pradolongo",0.3533,0.079,2097,9,73.4444444444444,9,73.4444444444444,0.0592554934191945,1066,-0.0195447710515635,0.000758035172832019,0.0780018192844148,0.224681625227411,0.432686476652517,0.149484536082474,0.0429805942995755,0.0714069132807762,0.169123044779491,-0.0189250032685574,0.537390029325513
"Entrevías",0.1613,0.0466,1558,10,87.4,10,87.4,0.0826920346443277,1677,-0.0258713859532035,0.000763825236785823,0.15895203177513,0.21497861289337,0.407233424992362,0.131377940727162,0.0320424686831653,0.0546516956920257,0.192042650937243,-0.0183057863290947,0.426739926739927
"San Diego",0.3037,0.0606,1928,82,70.3780487804878,71,18.0144124168514,0.0728609314660587,3915,-0.0284674194847744,0.000638223186648371,0.0789482081884035,0.176851645020264,0.408877684526279,0.179978938634841,0.0526215017391582,0.102083798704407,0.138264409288556,-0.0230996943298652,0.439880507841673
"Palomeras Bajas",0.1468,0.0369,2108,23,89.4347826086957,22,31.4347826086957,0.0639272781021358,1177,-0.0190846967304195,0.0014609203798393,0.0753702105053456,0.159937578856498,0.363968390995418,0.204628461385218,0.0686300551165416,0.12600438276114,0.165050212389815,0.00176100668716744,0.503566333808845
"Palomeras Sureste",0.1247,0.0304,2012,18,36.5,16,16,0.0658500302170982,1102,-0.0273751606225964,0.00101152525747916,0.119666503187837,0.1763425698872,0.377360225600785,0.171959293771457,0.0541625796959294,0.0994973025993134,0.18333488026731,-0.00415914858527414,0.27180783817952
"Portazgo",0.1517,0.0387,1826,10,30.1,9,8.1,0.0750052232049586,997,-0.0243057684620087,0.00227458829951779,0.121326539896279,0.216040396688199,0.37858247657174,0.156218724410882,0.0471749613319989,0.078382312801383,0.214407220968582,-0.0114471085999093,0.473769168684423
"Numancia",0.2157,0.0429,2082,59,52.8305084745763,53,20.8305084745763,0.0711846762440142,2070,-0.0267047928595542,0.00114447653823097,0.0823478118698567,0.184287972096572,0.370946645593765,0.186358929641942,0.0593220338983051,0.115592130361328,0.18456870934896,-0.00757322585263265,0.426027397260274
"Pavones",0.1119,0.0387,2222,3,32.3333333333333,3,32.3333333333333,0.0535099052540913,231,-0.0249929102477305,0.00128059191804212,0.0946215139442231,0.137877063175868,0.279311326124075,0.218838929994308,0.0939100739897553,0.174160500853728,0.250912212921228,0.0221712768632185,0.319477434679335
"Horcajo",0.0454,0.005,1558,0,0,0,0,0.0533105377681069,-33,-0.0110160433359599,0,0.037989617744219,0.0804624823029731,0.221094856064181,0.220622935346862,0.131193959414818,0.308636149126947,0.0904147894982135,0.0227363010360793,0.142228739002933
"Marroquina",0.0655,0.0116,2868,7,131.428571428571,6,-23.5714285714286,0.0439536329396278,-377,-0.0164633343089655,0.0010138716069865,0.0417991612516706,0.117609106410434,0.253007051016176,0.22572468777363,0.110512005161528,0.250334116779575,0.2759137975193,0.0198673026813826,0.311385459533608
"Media Legua",0.0997,0.0251,2664,2,29,2,29,0.0523252591319772,-21,-0.0207009838090039,0.00217086834733894,0.0642857142857143,0.140126050420168,0.2703081232493,0.2046918767507,0.0972689075630252,0.221148459383753,0.275615831718793,0.0130776478809704,0.37603305785124
"Fontarrón",0.1495,0.041,2207,14,46.5714285714286,11,-31.7619047619048,0.0554151831859423,791,-0.0238123930638321,0.00161622098148692,0.0725095503967088,0.166617690273288,0.333455774316779,0.205039670878637,0.0783132530120482,0.142447840141052,0.253601646466956,-0.0350569048166401,0.344911639244363
"Vinateros",0.1163,0.0229,2500,7,35,7,35,0.0438488214894492,94,-0.0172659016029321,0.00101914537380796,0.0620950717041567,0.159569047099075,0.297808837446313,0.213219771420252,0.0908495304651671,0.175438596491228,0.295597115553732,-0.0220590139759523,0.379690949227373
"Ventas",0.1711,0.0291,2665,54,65.0185185185185,49,11.0185185185185,0.0498994624317781,1103,-0.0221903874685053,0.00199388886011704,0.0521000569682531,0.150266715003366,0.327878191516909,0.207442125433736,0.0848568025273189,0.1754622196903,0.234843362632409,-0.0166512483477187,0.45947426067908
"Pueblo Nuevo",0.18,0.0369,2496,46,68.5434782608696,41,44.1434782608696,0.0474700135038526,2539,-0.0253373235156488,0.000918048840198298,0.0569394291776322,0.150192790256442,0.337209539547504,0.204806495705572,0.0859497725278985,0.163983923944754,0.217198370814117,-0.00761647482123243,0.440276976341604
"Quintana",0.1912,0.0332,2828,50,70.1,43,21.9571428571428,0.00484426295139723,642,-0.0685860460558349,0.00196641960369082,0.0413452326929864,0.123178540815812,0.301618514596884,0.210608581656835,0.0997831896334392,0.221499521000353,0.218823529411765,-0.0162040675896357,0.344745601521636
"Concepción",0.143,0.0234,3259,36,75.9444444444444,36,75.9444444444444,0.043168880455408,660,-0.0158418932958163,0.00304604909514424,0.0290867825359852,0.0994445439885325,0.251508092934361,0.218121005793466,0.112584363614645,0.286209162037867,0.239958268127282,-0.0101765556213083,0.408992650237786
"San Pascual",0.0844,0.0114,3402,12,68.5833333333333,11,41.5833333333333,0.0416689602025651,106,-0.0160797801772588,0.00159467517160092,0.044997573320391,0.10614989946613,0.217569160368855,0.202801081605769,0.110517922762255,0.316369687304999,0.265510597302505,0.0131674105685466,0.161488562649368
"San Juan Bautista",0.1016,0.0229,4288,14,103.785714285714,11,-33.8809523809524,0.0306349206349206,258,-0.0108494417050567,0.00193195234517549,0.0167435869915209,0.0530213588064828,0.132768058387893,0.182676827304926,0.118707738542449,0.494150477621552,0.216365938588161,0.00682977251615302,0.28
"Colina",0.101,0.00799999999999998,4660,8,80.375,6,39.375,0.0362060962401362,399,-0.00683480085748917,0.00183710961420698,0.0204123290467442,0.0475607266789141,0.141457440293938,0.175954276382935,0.138191467646458,0.474586650336803,0.228156838530411,-0.000941252318832297,0.48502230720204
"Atalaya",0.1031,0,4275,0,0,0,0,0.0270618556701031,-48,-0.0135631443298969,0.00438981562774363,0.00702370500438982,0.028972783143108,0.136084284460053,0.187006145741879,0.123792800702371,0.512730465320457,0.229885057471264,0.00787247885491216,0.173483392808125
"Costillares",0.0513,0.0049,4267,10,49.8,8,18.8,0.0298702468913318,171,-0.011764259351574,0.00235585864848109,0.0181649101053937,0.0368257904525728,0.114507129572226,0.182331060136392,0.124984500929944,0.520830750154991,0.219429958640532,0.0197213710802008,0.296566393193558
"Palomas",0.0986,0.0111,3732,4,86,3,-64,0.0250473277996214,247,-0.0090916450100463,0.00130718954248366,0.00740740740740741,0.0281045751633987,0.100653594771242,0.194553376906318,0.125708061002179,0.542265795206972,0.150386917798219,0.0186803400473851,0.0124796527400977
"Piovera",0.1498,0.00730000000000003,4275,13,59,11,9,0.0224996661770597,616,-0.0077189663253773,0.000968616815187912,0.0128826036419992,0.0318674932196823,0.108872530027121,0.176578845408756,0.113715614103061,0.555114296784192,0.140639573617588,0.0172397834811769,0.043701171875
"Canillas",0.0935,0.0169,3241,49,62.7755102040816,44,6.37551020408164,0.0402714156235456,150,-0.0140152118688942,0.00110595680624251,0.047556142668428,0.135541150809499,0.251420847285798,0.214217689164695,0.0977235722404842,0.252434641024853,0.264403543981595,0.00949240055402334,0.409743366681166
"Pinar del Rey",0.1125,0.0236,2887,35,81.2,33,1.2,0.00474585208760994,689,-0.0617490916254219,0.000713351563428843,0.058566163357508,0.146118178575675,0.304696231125907,0.205825704434669,0.0877184639163001,0.196361907026513,0.263555547202436,0.00309505611393279,0.335337650323774
"Apóstol Santiago",0.0959,0.0287,2850,0,0,0,0,0.0495937056623243,304,-0.0213180164794992,0.00151032052357778,0.0543715388488001,0.103121329082061,0.267075012586004,0.23611344185266,0.0986742742070817,0.239134082899815,0.208973452465128,-0.00162911585887571,0.692399049881235
"Valdefuentes",0.0982,0.0192,3865.66666666667,23,101,19,-26.75,0.0304110319099327,12640,-0.0123068821901432,0.000344745286271182,0.0148240473096608,0.0321673870959187,0.120501736985865,0.177543822429659,0.158344161871171,0.496274099021454,0.0737925678690041,0.00731133222410456,0.372913460400142
"Villaverde Alto, Casco Histórico de Villaverde",0.2088,0.2088,3732,0,0,0,0,0.00757608648460904,46066,0.00757608648460904,0.00137161940543281,0.111250260905865,0.183170826251603,0.395980558785819,0.174464024808421,0.0498852014193279,0.0838775084235322,0.166973430631645,-0.0146739883192385,-0.0725646123260437
"San Cristóbal",0.336,0.0644,1467,0,0,0,0,0.0895801872546059,1393,-0.034479963121334,0.000897263346792284,0.115298340062808,0.20349932705249,0.461283086585913,0.139703903095559,0.0283535217586362,0.0509645580978017,0.123440499040307,-0.0293077749904948,0.585945945945946
"Butarque",0.1451,0.0309,2143,6,34.6666666666667,6,34.6666666666667,0.0547353258912495,2992,-0.0200503493078749,0.000471735199308122,0.0556647535183584,0.106612155043636,0.375029483449957,0.229970909662709,0.0960767355924208,0.136174227533611,0.0878811170894184,0.00446171129319749,0.344416562107905
"Los Rosales",0.1971,0.0371,1869,13,38.7692307692308,12,14.7692307692308,0.0601346890268058,1461,-0.0288939891404286,0.00104591192700256,0.0843942727305514,0.165795073394165,0.385184116565081,0.195910123706135,0.0635842319760522,0.104086269701013,0.168285216656991,0.0024553777693278,0.435483870967742
"Ángeles",0.1676,0.0354,1842,0,0,0,0,0.058121692293239,1431,-0.0201026864360247,0.0014553098597243,0.0794760884504992,0.194243440999313,0.361927477058657,0.193232809152282,0.0648421393054938,0.104822735174031,0.25954698614751,-0.0154809872612964,0.357406042741341
"Casco Histórico de Vallecas",0.1709,0.0633,2356.5,29,52.8965517241379,25,-19.1034482758621,0.0782423082585014,-35476,-0.00531620893854978,0.000443262411347518,0.117839607201309,0.185931533006001,0.400436442989634,0.166530278232406,0.0520662847790507,0.076752591380251,0.165257249307547,0.064551416345935,0.642160278745645
"Santa Eugenia",0.1041,0.0063,2285,3,62,3,62,0.0589719588132351,94,-0.0186519330035725,0.000625880143952433,0.0600844938194336,0.116622333489803,0.324518854639337,0.241016012100349,0.0951337818807698,0.161998643926355,0.217462061109077,0.0351006942173232,0.310206422018349
"Casco Histórico de Vicálvaro",0.2039,0.1127,2486.66666666667,9,61.2222222222222,7,2.72222222222222,0.0674357451861905,-15524,-0.00758734337563771,0.000150932005131688,0.113161270847483,0.200098105803336,0.39513998943476,0.156327824315146,0.048864236661384,0.0862576409327598,0.210661329424367,0.103117535310768,0.370441811334619
"Valdebernardo",0.0651,-11.0949,1467,0,0,0,0,0.0646250844404413,17764,0.0646250844404413,0.0000810241451952682,0.0464268351968887,0.0927726462485821,0.272322152001296,0.24931129476584,0.111732296224275,0.227353751417923,0.114378901197773,-0.133541231913708,-0.708639523336643
"Simancas",0.1748,0.0378,2600,38,115.289473684211,31,47.5751879699248,0.053860534019964,2116,-0.0255372170759003,0.000708282179620361,0.0600151100198319,0.136179053735008,0.328454056095949,0.189677967702333,0.0882991783926716,0.196666351874587,0.157017821364547,-0.0182627344030687,0.329923273657289
"Hellín",0.1342,0.0529,1925,4,32,4,32,0.0707669108143042,536,-0.030742005509427,0.00207153708051374,0.103576854025687,0.204944068498826,0.391796713161166,0.170832757906367,0.0459881231874051,0.0807899461400359,0.232258064516129,-0.0481834670464788,0.762820512820513
"Amposta",0.1689,0.0589,2073,1,59,1,59,0.0823313866941486,589,-0.0221627193962246,0.00139039085431794,0.100417117256295,0.2093310675112,0.419743550131315,0.154178896956589,0.043256604356558,0.0716823729337247,0.190204361228451,-0.0449165124983869,0.810480349344978
"Arcos",0.1039,0.0265,2130,16,71.1875,11,42.9875,0.0622298344343854,980,-0.02098314662075,0.0012184315463004,0.096699158174568,0.16808817013735,0.352902082410279,0.185810810810811,0.0687306158617634,0.126550731058928,0.17974467393072,-0.00917391246782015,0.571955719557196
"Rosas",0.0564,0.0088,3121,17,132.705882352941,16,9.70588235294119,0.0367223638251676,340,-0.0163645664207054,0.000404985825496108,0.0263690770823021,0.0920667776627818,0.249336273230437,0.253701120460784,0.125725599604014,0.252396166134185,0.139955988682804,0.0230898228862933,0.226326129666012
"Rejas",0.1809,0.0504,3022,31,64.9032258064516,29,12.9032258064516,0.0393278301886792,1800,-0.011529689600239,0.000904159132007233,0.0281111293769522,0.0662502054907118,0.225464409008713,0.210011507479862,0.137514384349827,0.331744205161927,0.112200563644904,-0.00631308318179803,0.200158856235107
"Canillejas",0.1571,0.0274,2360,20,64.35,19,28.35,0.00515731542694957,132,-0.0701234662413977,0.00119744544970729,0.0681213411389037,0.168618059251375,0.347924427887174,0.190260777009047,0.0749068653539117,0.148971083909881,0.231133052544362,0.00468567493419406,0.459492888064317
"El Salvador",0.0812,0.0143,2989,0,0,0,0,0.0375972720118912,-62,-0.00875458467129861,0.00160901045856798,0.0239052982415814,0.07229054131709,0.18871394092633,0.228019767842777,0.118147339386277,0.367314101827376,0.210255515828028,0.019471783937646,0.187053216838761
"Alameda de Osuna",0.0588,0.0016,3273,16,64.3125,12,14.3125,0.0275434495375546,176,-0.0168622524417295,0.00101591601760921,0.013748730104978,0.0509989840839824,0.16363020656959,0.245919403995936,0.154351506942093,0.370335252285811,0.257399148591121,0.0314781771978302,0.267131242740999
"Aeropuerto",0.2188,0.0559,2496,4,40.25,4,40.25,0.0514165792235047,126,-0.0221789263944728,0.00142959256611866,0.091493924231594,0.167262330235883,0.385989992852037,0.215153681200858,0.0493209435310936,0.089349535382416,0.14841722885314,-0.0050841717070845,0.127371273712737
"Casco Histórico de Barajas",0.1894,0.026,3104,16,64.125,15,-28.875,0.0493618129721282,365,-0.0254364914173153,0.000492934604009201,0.0727900098586921,0.12980611238909,0.338481761419652,0.234965494577719,0.0826487019388761,0.140814985211962,0.185604581543668,0.0017327305031421,0.219646365422397
"Timón",0.1027,0.0172,3088,16,63.6875,15,-52.3125,0.0390297858892313,2275,-0.014331801473512,0.000229489386115892,0.0370625358577166,0.0719449225473322,0.239472174411933,0.227194492254733,0.130349971313827,0.293746414228342,0.104865375531412,0.00264186990045655,0.270259152612094
"Corralejos",0.0665,0,3476,4,106.5,4,106.5,0.0267857142857143,440,-0.00669397835973028,0,0.0240770465489567,0.0439406099518459,0.101324237560193,0.175963081861958,0.163121990369181,0.491573033707865,0.100777202072539,0.00174539017765643,0.0656039239730227
