"Neighborhood","total_2018","total_2019","total_2015","unem_2018","unem_2019","unem_2014","unem_2015","unem_prop_2019","unem_prop_2015"
"Palacio",22479,23361,22264,1248,1178,1569,1439,0.0504259235477933,0.0646334890406037
"Embajadores",44426,46484,44730,2845,2626,3970,3627,0.0564925565786077,0.0810865191146881
"Cortes",10438,10634,10558,527,496,757,706,0.0466428437088584,0.0668687251373366
"Justicia",16574,17737,16298,758,787,993,937,0.0443705248914698,0.0574917167750644
"Universidad",30771,32866,30856,1498,1492,2299,2086,0.0453964583460111,0.0676043557168784
"Sol",7196,7470,7377,397,350,526,484,0.0468540829986613,0.0656093262843974
"Imperial",22713,22859,22653,942,883,1348,1327,0.0386281114659434,0.0585794376020836
"Acacias",36740,36987,36644,1466,1437,2226,1986,0.0388514883607754,0.0541971400502129
"Chopera",19883,20179,20082,975,899,1519,1370,0.0445512661677982,0.0682202967831889
"Legazpi",19500,19768,18173,642,614,965,851,0.0310602994738972,0.0468277114400484
"Delicias",27596,28083,26874,1124,1063,1725,1493,0.0378520813303422,0.0555555555555556
"Palos de la Frontera",25812,26084,25701,1209,1148,1834,1682,0.0440116546541941,0.0654449243220108
"Atocha",1166,1188,1091,54,65,62,70,0.0547138047138047,0.0641613198900092
"Pacífico",33625,33744,33783,1253,1222,1862,1579,0.0362138454243717,0.0467394843560371
"Adelfas",18432,18778,17648,758,684,1056,988,0.0364256044307168,0.0559836808703536
"Estrella",23284,23314,23327,644,625,916,812,0.0268079265677275,0.0348094482788185
"Ibiza",21554,21814,21383,750,702,1084,976,0.032181168057211,0.0456437356778749
"Los Jerónimos",7011,7034,7036,161,161,248,221,0.0228888257037248,0.0314098919840819
"Niño Jesús",15355,15473,15334,376,351,538,478,0.0226846765333161,0.031172557714882
"Recoletos",15747,15753,15512,383,327,557,450,0.0207579508665016,0.0290097988653945
"Goya",29497,29855,29091,932,880,1319,1205,0.029475799698543,0.0414217455570451
"Fuente del Berro",20878,21226,20788,740,710,1175,1043,0.0334495430132856,0.0501731768327881
"Guindalera",41392,42003,40445,1434,1388,2019,1895,0.0330452586719996,0.046853752008901
"Lista",20923,21012,20526,689,591,903,858,0.0281267846944603,0.0418006430868167
"Castellana",16867,17167,16777,356,341,485,464,0.0198636919671463,0.0276569112475413
"El Viso",17192,17404,16883,341,311,455,422,0.0178694552976327,0.024995557661553
"Prosperidad",36580,36841,36140,1424,1306,2043,1908,0.035449634917619,0.0527946873270614
"Ciudad Jardín",18587,18882,18206,701,694,1020,951,0.0367545810825124,0.0522355267494233
"Hispanoamérica",31567,32010,31280,874,798,1220,1070,0.0249297094657919,0.0342071611253197
"Nueva España",24604,25006,23416,564,550,798,694,0.0219947212668959,0.0296378544584899
"Castilla",16883,17082,16383,518,527,726,621,0.030851188385435,0.037905145577733
"Bellas Vistas",28951,29550,28317,1444,1352,2232,1970,0.0457529610829103,0.0695695165448317
"Cuatro Caminos",34329,34877,33616,1319,1229,1996,1813,0.0352381225449437,0.053932651118515
"Castillejos",20416,20765,19769,778,719,1072,988,0.0346255718757525,0.0499772370883707
"Almenara",22534,22875,21815,1608,1562,2046,1888,0.0682841530054645,0.0865459546183819
"Valdeacederas",25709,26324,24881,1424,1459,2046,1866,0.0554247074912627,0.0749969856517021
"Berruguete",24763,25457,23991,1259,1227,1831,1719,0.048198923675217,0.0716518694510441
"Gaztambide",22813,23148,22592,797,759,1098,1018,0.032789009849663,0.0450601983002833
"Arapiles",24336,24589,24215,854,789,1260,1135,0.0320875188092236,0.0468717736939913
"Trafalgar",24474,24732,24399,896,821,1349,1174,0.0331958596150736,0.0481167260953318
"Almagro",19780,19828,19602,510,470,720,664,0.023703853136978,0.0338740944801551
"Ríos Rosas",27109,27464,26870,821,783,1255,1075,0.0285100495193708,0.0400074432452549
"Vallehermoso",20199,20369,19870,495,504,781,662,0.0247434827433846,0.0333165576245596
"El Pardo",3475,3488,3452,127,135,176,162,0.038704128440367,0.0469293163383546
"Fuentelarreina",3238,3291,3194,63,70,74,91,0.0212701306593741,0.0284909204758923
"Peñagrande",44618,44915,44379,1791,1673,2659,2330,0.037248135366804,0.052502309650961
"Pilar",46337,46752,45803,1915,1839,2912,2585,0.0393352156057495,0.056437351265201
"La Paz",33816,33729,34172,1006,879,1611,1380,0.0260606599662012,0.0403839400678918
"Valverde",62659,64110,58269,2592,2572,3486,3197,0.0401185462486352,0.0548662238926359
"Mirasierra",32647,33457,29195,808,814,1084,989,0.0243297366769286,0.0338756636410344
"El Goloso",18188,18822,16678,363,382,529,478,0.0202953990011688,0.0286605108526202
"Casa de Campo",12904,13141,12752,562,534,677,634,0.0406361768510768,0.0497176913425345
"Argüelles",23986,24257,23856,833,739,1128,979,0.030465432658614,0.0410378940308518
"Ciudad Universitaria",16135,16176,15884,430,416,567,502,0.0257171117705242,0.0316041299420801
"Valdezarza",29695,30104,29655,1286,1238,1960,1767,0.0411241031092214,0.0595852301466869
"Valdemarín",6631,6850,6402,133,119,151,124,0.0173722627737226,0.0193689472039987
"El Plantío",2761,2776,2468,44,47,54,61,0.0169308357348703,0.0247163695299838
"Aravaca",26539,27205,25533,596,592,949,811,0.021760705752619,0.0317628167469549
"Los Cármenes",17376,17588,17003,1308,1256,1542,1526,0.0714123265863088,0.0897488678468506
"Puerta del Ángel",41569,42146,41114,2598,2516,3582,3337,0.0596972429174773,0.0811645668142239
"Lucero",35745,36562,35344,2079,1935,2887,2655,0.0529238006673596,0.0751188320507017
"Aluche",66125,67041,66258,3142,2987,4798,4307,0.0445548246595367,0.0650034712789399
"Campamento",19114,19663,18978,883,838,1375,1211,0.0426181152418247,0.0638107282116134
"Cuatro Vientos",5671,5840,4912,306,296,288,259,0.0506849315068493,0.052728013029316
"Águilas",51476,51742,51283,2533,2337,3696,3303,0.0451664025356577,0.0644073084647934
"Comillas",22387,22719,22285,1307,1307,1921,1667,0.0575289405343545,0.0748036796051156
"Opañel",32754,33451,31692,1848,1806,2657,2483,0.0539894173567307,0.0783478480373596
"San Isidro",38750,39543,37889,3003,286,3791,3561,0.00723263283008371,0.0939850616273853
"Vista Alegre",45435,46880,44196,271,256,3812,3526,0.00546075085324232,0.0797809756539053
"Puerta Bonita",34400,35462,32778,2409,2335,3090,2775,0.065845129998308,0.0846604429800476
"Buenavista",46701,47707,44244,247,2417,3312,2969,0.0506634246546628,0.0671051442003436
"Abrantes",30241,31352,29179,1884,1875,2638,2335,0.0598047971421281,0.0800233044312691
"Orcasitas",22786,22976,22282,1479,1431,2053,1872,0.0622823816155989,0.0840140023337223
"Orcasur",13780,13998,13370,1225,1141,1504,1490,0.0815116445206458,0.111443530291698
"San Fermín",23541,23924,22616,1635,1652,2108,2026,0.0690519979936465,0.0895825963919349
"Almendrales",21209,21866,20480,1371,1346,1763,1670,0.0615567547791091,0.08154296875
"Moscardó",26000,26932,25256,1564,1438,2055,1934,0.0533937323629883,0.076575863161229
"Zofío",13829,14241,13325,840,875,1225,1223,0.0614423144442104,0.0917823639774859
"Pradolongo",17353,17703,16637,1084,1049,1486,1311,0.0592554934191945,0.078800264470758
"Entrevías",34422,35215,33538,3085,2912,3882,3641,0.0826920346443277,0.108563420597531
"San Diego",40930,42986,39071,3302,3132,4201,3959,0.0728609314660587,0.101328350950833
"Palomeras Bajas",40057,40593,39416,2671,2595,3552,3272,0.0639272781021358,0.0830119748325553
"Palomeras Sureste",42390,43022,41920,3024,2833,4283,3908,0.0658500302170982,0.0932251908396947
"Portazgo",28236,28718,27721,2188,2154,2871,2753,0.0750052232049586,0.0993109916669673
"Numancia",46863,48030,45960,3572,3419,4862,4499,0.0711846762440142,0.0978894691035683
"Pavones",9072,9288,9057,557,497,733,711,0.0535099052540913,0.0785028155018218
"Horcajo",6323,6434,6467,377,343,478,416,0.0533105377681069,0.0643265811040668
"Marroquina",27445,27347,27724,1251,1202,1773,1675,0.0439536329396278,0.0604169672485933
"Media Legua",17835,18041,18062,1076,944,1403,1319,0.0523252591319772,0.0730262429409811
"Fontarrón",17121,17414,16623,994,965,1400,1317,0.0554151831859423,0.0792275762497744
"Vinateros",16890,17013,16919,839,746,1133,1034,0.0438488214894492,0.0611147230923813
"Ventas",47937,48738,47635,2555,2432,3726,3434,0.0498994624317781,0.0720898499002834
"Pueblo Nuevo",61664,62945,60406,3201,2988,4866,4398,0.0474700135038526,0.0728073370195014
"Quintana",24657,24978,24336,1291,121,1880,1787,0.00484426295139723,0.0734303090072321
"Concepción",20860,21080,20420,984,910,1341,1205,0.043168880455408,0.0590107737512243
"San Pascual",18208,18167,18061,804,757,1160,1043,0.0416689602025651,0.0577487403798239
"San Juan Bautista",12444,12600,12342,396,386,546,512,0.0306349206349206,0.0414843623399773
"Colina",6341,6463,6064,224,234,281,261,0.0362060962401362,0.0430408970976253
"Atalaya",1564,1552,1600,42,42,70,65,0.0270618556701031,0.040625
"Costillares",22006,22196,22025,670,663,1010,917,0.0298702468913318,0.0416345062429058
"Palomas",6703,6867,6620,186,172,255,226,0.0250473277996214,0.0341389728096677
"Piovera",14752,14978,14362,371,337,482,434,0.0224996661770597,0.030218632502437
"Canillas",40694,40823,40673,1696,1644,2468,2208,0.0402714156235456,0.0542866274924397
"Pinar del Rey",52536,53099,52410,269,252,3782,3485,0.00474585208760994,0.0664949437130319
"Apóstol Santiago",15350,15506,15202,822,769,1106,1078,0.0495937056623243,0.0709117221418234
"Valdefuentes",56047,60044,47404,1788,1826,2207,2025,0.0304110319099327,0.0427179141000759
"Villaverde Alto, Casco Histórico de Villaverde",44876,46066,0,3647,349,0,0,0.00757608648460904,0
"San Cristóbal",15749,16555,15162,1562,1483,2053,1881,0.0895801872546059,0.12406015037594
"Butarque",18776,19439,16447,1078,1064,1457,1230,0.0547353258912495,0.0747856751991245
"Los Rosales",37382,37865,36404,2466,2277,3432,3241,0.0601346890268058,0.0890286781672344
"Ángeles",30782,31933,30502,1915,1856,2634,2386,0.058121692293239,0.0782243787292637
"Casco Histórico de Vallecas",40002,40758,76234,3178,3189,7002,6370,0.0782423082585014,0.0835585171970512
"Santa Eugenia",24360,24571,24477,1428,1449,2170,1900,0.0589719588132351,0.0776238918168076
"Ensanche de Vallecas",44791,47389,0,237,2336,0,0,0.0492941399902931,0
"Casco Histórico de Vicálvaro",34575,35367,50891,2594,2385,4045,3818,0.0674357451861905,0.0750230885618282
"Valdebernardo",17614,17764,0,1143,1148,0,0,0.0646250844404413,0
"Valderrivas",18190,18196,0,638,599,0,0,0.0329193229281161,0
"El Cañaveral",1038,1971,0,46,70,0,0,0.0355149670218163,0
"Simancas",27566,28351,26235,1699,1527,2275,2083,0.053860534019964,0.0793977510958643
"Hellín",9051,9284,8748,669,657,890,888,0.0707669108143042,0.101508916323731
"Amposta",8509,8733,8144,735,719,919,851,0.0823313866941486,0.104494106090373
"Arcos",24134,24522,23542,1549,1526,2137,1959,0.0622298344343854,0.0832129810551355
"Rosas",31721,31779,31439,1223,1167,1902,1669,0.0367223638251676,0.053086930245873
"Rejas",16593,16960,15160,644,667,858,771,0.0393278301886792,0.0508575197889182
"Canillejas",28621,28891,28759,1583,149,2233,2165,0.00515731542694957,0.0752807816683473
"El Salvador",11343,11437,11499,447,430,615,533,0.0375972720118912,0.0463518566831898
"Alameda de Osuna",19440,19678,19502,565,542,993,866,0.0275434495375546,0.0444057019792842
"Aeropuerto",1823,1906,1780,104,98,153,131,0.0514165792235047,0.0735955056179775
"Casco Histórico de Barajas",7470,7678,7313,388,379,551,547,0.0493618129721282,0.0747983043894435
"Timón",12180,12657,10382,490,494,610,554,0.0390297858892313,0.0533615873627432
"Corralejos",7584,7728,7288,195,207,274,244,0.0267857142857143,0.0334796926454446
